9 0.42710092905405406 0.6444256756756757 0.0636613175675675 0.1435810810810812
9 0.5663006756756757 0.6224662162162162 0.07601351351351347 0.12331081081081073
9 0.5102407094594594 0.35895270270270274 0.06651182432432436 0.07601351351351354
9 0.5729518581081081 0.31334459459459457 0.09311655405405403 0.1233108108108108
9 0.6584670608108106 0.39442567567567566 0.058910472972973055 0.07601351351351347
1 0.6432643581081081 0.45523648648648646 0.09881756756756759 0.1233108108108108
9 0.602882179054054 0.5430743243243243 0.09216638513513509 0.1435810810810811
9 0.7183277027027027 0.5540540540540541 0.06651182432432436 0.25
1 0.8157200168918917 0.5008445945945946 0.10166807432432436 0.15709459459459452
9 0.7948163006756755 0.31334459459459457 0.1814822635135134 0.17398648648648649
9 0.34253589527027023 0.5472972972972974 0.09976773648648649 0.21283783783783788
0 0.9012352195945945 0.2415540540540541 0.15867820945945937 0.31081081081081086
1 0.5045396959459459 0.5464527027027027 0.11021959459459467 0.10641891891891894
