7 0.7410714285714286 0.35396825396825393 0.2571428571428572 0.2317460317460317
5 0.5991071428571427 0.5380952380952381 0.07678571428571423 0.07936507936507929
5 0.5428571428571429 0.4682539682539683 0.039285714285714236 0.10476190476190482
1 0.5741071428571428 0.3222222222222222 0.05892857142857147 0.0793650793650794
9 0.4526785714285715 0.353968253968254 0.0982142857142857 0.0793650793650794
8 0.29263134366692983 0.35418686693704177 0.13928571428571426 0.12380952380952394
7 0.625 0.1841269841269841 0.02857142857142847 0.13333333333333333
3 0.9535714285714286 0.06063491579086062 0.09285714285714292 0.07682538713727678
9 0.4839285714285715 0.9206349206349205 0.05714285714285722 0.13333333333333328
9 0.27589285714285716 0.5063492063492063 0.07678571428571428 0.09841269841269842
1 0.4276785714285714 0.5825396825396826 0.09821428571428577 0.09841269841269834
9 0.22142857142857142 0.6476190476190478 0.09642857142857146 0.12698412698412703
9 0.044642857142857144 0.9380952380952381 0.08928571428571429 0.12380952380952381
9 0.2892857142857143 0.057142857142857155 0.17142857142857143 0.1015873015873016
9 0.7089285714285714 0.06825396825396826 0.1678571428571428 0.12380952380952383
