7 0.057432432432432436 0.487987987987988 0.04054054054054054 0.2072072072072072
1 0.10219594594594593 0.5135135135135136 0.035472972972972965 0.12612612612612614
9 0.17145270270270271 0.3858858858858859 0.13344594594594597 0.0870870870870871
3 0.16117963019000206 0.3141179604990169 0.07880192233272515 0.032418054366447076
1 0.19113738578756703 0.3447993333815472 0.052751700073973 0.05210044451750424
3 0.39189189189189194 0.5660660660660661 0.027027027027027018 0.2132132132132132
3 0.5033783783783784 0.5540540540540541 0.125 0.11111111111111116
2 0.7576013513513513 0.6111111111111112 0.05574324324324337 0.12312312312312315
9 0.8555743243243245 0.819410318368906 0.2888513513513512 0.3611793632621881
5 0.96875 0.6340431350845475 0.0625 0.07289107497389963
