9 0.530387155121577 0.15427133092390397 0.050762798997385235 0.06707396864519369
7 0.5612663704687869 0.23761291230722606 0.03452449130628338 0.021604659448554137
5 0.5333705814933098 0.25455292937484236 0.010219249426659829 0.03191597418536414
3 0.5974179502197896 0.15629757188347185 0.015630133355251204 0.04052256795805887
3 0.5583426168316614 0.37280386354510064 0.035167800049315405 0.042838143269948004
3 0.531315511238206 0.40232744877168636 0.06056676675159871 0.03936478030211433
1 0.5238260723388148 0.3774350141688788 0.03126026671050255 0.033575842022391666
3 0.574298377965147 0.4457444858696066 0.025398966702283303 0.033575842022391666
1 0.663520389201373 0.3311235079310971 0.03972658894459712 0.040522567958058885
3 0.5849825687368012 0.7397934915005575 0.05067567567567565 0.09009009009009006
1 0.5127575871109917 0.6618267544587294 0.04334105728299882 0.06584338399356597
5 0.6396286820666791 0.664628600586115 0.0338848266030719 0.04903230722925115
5 0.6538130280865698 0.5469510632359122 0.04806917262296245 0.032221230464936496
9 0.8463726515165453 0.14683462242695516 0.05067567567567565 0.0900900900900901
9 0.8912473264771656 0.20195557643595194 0.062411122487518324 0.07088670702286035
