1 0.11299052774018943 0.5099984964666967 0.1041948579161028 0.17320703653585923
3 0.35791610284167796 0.5713426552398135 0.09878213802435727 0.233348368666366
3 0.34844384303112313 0.4017440986317847 0.16102841677943172 0.09141482483837017
3 0.3142083855862547 0.10103743797925127 0.1412719809154051 0.20207487595850254
3 0.2374830852503383 0.7782288377687565 0.13667117726657646 0.2285370620959253
5 0.5419485791610286 0.8215305969027213 0.14749661705006772 0.12749962411667412
5 0.5212449214455239 0.9522628176214103 0.13585926102365953 0.09547436475717945
5 0.5615696887686061 0.7962712374079086 0.040595399188092005 0.07216959855660804
5 0.5615696887686061 0.7962712374079086 0.040595399188092005 0.07216959855660804
3 0.8646820027063599 0.24682002339286388 0.2706359945872802 0.3348669299611901
3 0.8843031123139378 0.08179221169748907 0.14208389715832198 0.16358442339497817
