3 0.07831928516028118 0.3064838577062387 0.02598609139922069 0.05190729867509773
1 0.10973965019935615 0.32712848480168444 0.04262886903692413 0.03373974413881376
7 0.12845278084267925 0.3833356629736416 0.06365132500033878 0.04048769296657641
3 0.20407873312347313 0.3292483301490264 0.019854541743224933 0.09447128358867828
7 0.3810909241228974 0.44095934265429937 0.09273500279454908 0.07167922921317796
7 0.4980565597481059 0.43492130975133114 0.02519972902025778 0.13081459331404985
1 0.4244733510089526 0.41520952171770714 0.02519972902025792 0.06630328702218975
3 0.5953275137663013 0.5908236332899933 0.0342716314675507 0.15590232353866226
5 0.6245591994298003 0.6401031033740532 0.022175761537826872 0.0573433833705424
5 0.5222482996075535 0.624871267166253 0.04939146887970537 0.044799518258236116
2 0.7870470336955907 0.40105287121375893 0.06894642168576012 0.048741870396269815
5 0.7828134976770201 0.4429852230378137 0.06047934964861909 0.053759421909883545
1 0.7203181697067805 0.3730979745549651 0.040319566432412725 0.06451130629186025
9 0.05625 0.8587301587301588 0.10892857142857143 0.28253968253968254
9 0.030357142857142857 0.25873015873015875 0.060714285714285714 0.16190476190476188
