3 0.08667481551389951 0.6671088848901684 0.05460973217657857 0.12944529108522324
1 0.13218292566104833 0.6601743157248886 0.03467284582639911 0.05701756869230088
9 0.15775414945801763 0.5600083166708467 0.08061436654637788 0.050853507212052236
3 0.1210925249549669 0.5150538060783414 0.0503976876906737 0.04175342410618924
3 0.3141205617896346 0.5572421616856367 0.04207962273201886 0.08611643721901516
2 0.48682147675497084 0.44684791560019305 0.02806911845875342 0.05568958536761043
6 0.5492117610521551 0.48933872213169727 0.08668211456599774 0.11844167720312564
5 0.5613902399581226 0.40910403757474106 0.03510267449366829 0.019103496323084956
5 0.6029403444608323 0.4587731280147618 0.019342290027123284 0.04712195759694275
3 0.6502676655961998 0.5012222731697306 0.05046375845256819 0.0267357660675858
3 0.7605223181454704 0.5467540931635966 0.03904029291480228 0.07026915526849863
1 0.6982249459799319 0.46349513660769276 0.017378247943930773 0.029706406741762025
9 0.7177450924373332 0.5538836307816195 0.026462333950782835 0.052445311223441565
5 0.44171885176101666 0.7258396337360423 0.04256892067076322 0.04523287611503818
3 0.37268335940978903 0.4993589396435249 0.05128731759162932 0.04412577714526556
