5 0.3335092905405406 0.5413851351351354 0.12162162162162177 0.28885135135135176
5 0.41727950368635014 0.39812368679548626 0.03546086504972635 0.049430296735982114
5 0.3943105342791411 0.3931090190106765 0.021760076280513872 0.030804387820974454
3 0.4565685303039447 0.3479770089473885 0.046340903189983323 0.029371625596742917
3 0.48759678722245525 0.34761881839133063 0.015715610647037793 0.061608775641948804
3 0.4223165583809136 0.33436576781719046 0.019745254402688487 0.05086305896021354
3 0.5333332438490909 0.3282765283642072 0.03465493629859615 0.04441562895117233
3 0.571010412964425 0.46331436799801345 0.06245947821258618 0.03940096116636255
3 0.5246695097744418 0.4500613174238734 0.05359426195015459 0.10745716681735253
7 0.29787795608108103 0.737331081081081 0.04085726351351351 0.19425675675675663
9 0.4399282094594594 0.8260135135135136 0.16152871621621614 0.25
1 0.2959776182432432 0.9222972972972973 0.07316300675675677 0.11486486486486484
