3 0.03518637833793241 0.33724091343309043 0.03696615346092822 0.05506069704690782
7 0.06869450813243727 0.4139116526408943 0.07393230692185586 0.04440378794105518
7 0.12163364341596729 0.4198094843611296 0.07026899441671924 0.04085148490577064
7 0.29148993946782187 0.482611209667823 0.0972442955909098 0.07163811121156864
1 0.33241423386836755 0.47785290857976376 0.025310159126401218 0.06394145463511897
1 0.06049653746433357 0.34375346899777837 0.044292778471202096 0.0479560909763392
7 0.3968397643054352 0.5105028391836482 0.042109777246550024 0.11662684505243341
3 0.4790646451394881 0.6854431067622981 0.03634738667596949 0.16548403689872282
1 0.6113779978562797 0.4722839068522765 0.04565586375152265 0.051221249516271425
5 0.6636827738046258 0.5546319156899744 0.06693238278135852 0.06304153786618016
5 0.3990560683710431 0.7161758564720612 0.050088471882738475 0.0346728458263992
2 0.6683370123424024 0.5168069929702663 0.06737564359448016 0.0535853071862531
