9 0.5334121476239371 0.18466336945411307 0.061218022308067506 0.06252053342100511
3 0.5939789143755357 0.18466336945411307 0.01432762224231368 0.030102479054557988
3 0.5620673921085644 0.3849606339325183 0.03386528893637774 0.04168035561400338
3 0.584800207720527 0.4948417877104575 0.05067567567567565 0.09009009009009013
3 0.5392734476321563 0.43011435251435537 0.0455878889528163 0.027786903742668866
1 0.5197357809380923 0.3971174043199359 0.027352733371689694 0.040522567958058885
5 0.5362816687636012 0.2806510713607179 0.02006666452164193 0.03220070729286297
7 0.5656492976691427 0.25934067326253585 0.031911522266971346 0.045153718581836984
3 0.5898869293613177 0.7614396675752834 0.0539728257091619 0.06749295657056706
5 0.6435924004694691 0.6793311591144113 0.02757125875719773 0.06273993103860136
5 0.6555122257121373 0.5832113593226032 0.05067567567567565 0.09009009009009006
2 0.6633020155548957 0.35030547437408677 0.030526277775454816 0.03170769426863707
1 0.5208694179056398 0.7155033049996908 0.05067567567567565 0.09009009009009006
9 0.8859797297297295 0.23873873873873877 0.06925675675675677 0.14714714714714716
9 0.8445945945945946 0.15765765765765766 0.0641891891891892 0.2012012012012012
