5 0.5403554810367847 0.8194325220129821 0.07382155756317565 0.13123832455675655
5 0.6954553191493155 0.6437852694496462 0.08276962514659089 0.07688709923527157
1 0.39569505510490516 0.5569558728994688 0.06636483457699625 0.12328448670483198
3 0.6900221857521888 0.3958976781911033 0.03051210432723219 0.05593885793325751
3 0.6986037150942249 0.3111418328376852 0.08390828689988596 0.03220722123429958
3 0.768209453090721 0.30266624830234323 0.01907006520451958 0.076280260818078
3 0.7233947998601004 0.28317240387105663 0.03241911084768304 0.0237316366989576
1 0.7231970028085841 0.2563567734626753 0.034672845826399054 0.026617538210164896
3 0.7578698486349831 0.24584985048497862 0.061465499419525574 0.061640614802487226
1 0.9170714995830209 0.3977824820703086 0.06865223473627012 0.0423779226767099
7 0.91746156645324 0.13866074818220345 0.03163897710724555 0.08259842265963148
5 0.8751173561330782 0.12402110157876202 0.030512104327231383 0.020341402884820798
5 0.8513765283365955 0.28059345684159465 0.018197030779750635 0.028755801726025612
6 0.951236006540527 0.04954954954954954 0.08307740495011601 0.09909909909909909
3 0.41588113166875135 0.7410147468902737 0.06642806675981788 0.06715168404478333
