9 0.07580090601307204 0.3892245421702239 0.12658137973961497 0.19110890092238614
3 0.15200906146573223 0.4355012535560917 0.019376198374278442 0.04879931442410872
3 0.19264525527845508 0.48430056798020027 0.06297264471640492 0.07176369768251263
3 0.2440460037435548 0.47329680100221494 0.034446574887606156 0.0975986288482173
1 0.18807031955119485 0.44411289727799313 0.041981763144269914 0.03348972558517268
7 0.4123762103103963 0.5175904719876553 0.08668211456599778 0.06780467628273591
5 0.8171816853336046 0.5306891026331817 0.06414476477883647 0.03544335351143002
5 0.8106805267411556 0.5823131175302668 0.07888072425505797 0.055476553322238546
5 0.538932097576753 0.7672349619377286 0.05547655332223847 0.02773827666111913
5 0.6412169927646302 0.7995962847090341 0.02427099207847938 0.06780467628273612
3 0.5220290852363833 0.5661324561446139 0.025137813224139337 0.12482224497503674
3 0.6156457689676609 0.7418082083317027 0.025137813224139337 0.19262692125777278
2 0.7426350668068474 0.5052623490271577 0.04334105728299889 0.03698436888149231
2 0.4557172675933952 0.5345416410583392 0.03120556124375923 0.04006639962161664
