9 0.3667117726657645 0.8732521425349572 0.10554803788903917 0.18764095624718094
9 0.19350473612990526 0.38009321906480226 0.09201623815967526 0.25499924823334835
9 0.4066305818673884 0.4330175913396481 0.16914749661705003 0.15396181025409716
7 0.29161028416779433 0.5063900165388664 0.08254397834912038 0.08900917155314993
5 0.46955345060893094 0.5857765749511351 0.04871447902571042 0.050518718989625525
5 0.5189445196211097 0.5376635092467299 0.03112313937753719 0.1178770109757931
3 0.11226851405510294 0.1440541379413585 0.05562026452589443 0.03066061093589358
3 0.08402721695086968 0.20959119381683103 0.04052949508088433 0.025295004022112197
3 0.06699620572007253 0.2272210451049698 0.025438725635874206 0.09274834808107806
3 0.19807031747101755 0.2237717263746818 0.02198940690558615 0.09044880226088604
3 0.2338569992977558 0.19847672235256958 0.022851736588158218 0.07971758843332331
1 0.38141046180457117 0.5677084682237623 0.03552798029034541 0.08370346551577057
9 0.11211993243243241 0.8775337837837839 0.11782094594594593 0.24155405405405403
1 0.3943201013513513 0.7128378378378377 0.04940878378378379 0.11148648648648632
1 0.5330447635135134 0.6824324324324325 0.07411317567567571 0.1351351351351351
9 0.4955130912162163 0.8876689189189189 0.06556165540540533 0.13006756756756752
2 0.8057432432432431 0.7339527027027027 0.0665118243243242 0.1131756756756758
9 0.5767525337837838 0.9282094594594595 0.05320945945945951 0.14358108108108097
9 0.8936338682432432 0.6005067567567568 0.057960304054054036 0.10979729729729719
9 0.6978990709459458 0.6292229729729729 0.05415962837837853 0.059121621621621545
9 0.9515941722972971 0.9510135135135136 0.09216638513513516 0.09797297297297305
1 0.7416426323615473 0.8864839713355867 0.042183580171934805 0.07268555352702606
