1 0.7274080097310357 0.5083814586773818 0.04203558591753179 0.07051979358934908
2 0.7981580451837829 0.5478514924027638 0.06749375767040305 0.04841657470313535
5 0.7931256158837967 0.6062671423163292 0.08111091930566004 0.06841472512399548
5 0.6314739001166514 0.8152793876750479 0.05067567567567572 0.09009009009009006
5 0.5144530454525544 0.7829180649037423 0.05067567567567565 0.09009009009009006
3 0.5068850411007463 0.5514101600811733 0.033806024680738955 0.1510195062660938
1 0.4466409714773779 0.5390820371206757 0.04680834186563878 0.05855858406236301
9 0.3976655767475888 0.5282949295302394 0.06674522821581856 0.10170701442410394
9 0.06889619827130314 0.39157918865515057 0.11174217428385416 0.13022718933118166
3 0.23206402374684 0.44833675168660087 0.027712339050173906 0.06629513270146473
3 0.13779239654260628 0.43458956443452734 0.011841010117614577 0.0778875332180872
3 0.17965410116445224 0.4884426148307321 0.048121036950896166 0.06685723901300934
3 0.1693424503892602 0.43488493411600904 0.033967790788868045 0.0402581224164358
3 0.5997682056091963 0.7382286701795477 0.03900695155469904 0.2064960595883324
