6 0.34464285714285714 0.0873015873015873 0.08571428571428573 0.16190476190476188
9 0.5232142857142857 0.1285714285714286 0.14642857142857138 0.18095238095238095
2 0.5821428571428572 0.3079365079365079 0.057142857142857155 0.10793650793650794
0 0.5330357142857143 0.32539682539682535 0.06964285714285716 0.14285714285714288
8 0.6401785714285714 0.4698412698412699 0.11249999999999993 0.07619047619047613
9 0.8607142857142857 0.7634920634920636 0.08571428571428584 0.21904761904761913
9 0.8705357142857142 0.5333333333333333 0.09464285714285708 0.12698412698412703
9 0.7732142857142859 0.5920634920634921 0.07499999999999986 0.13015873015873006
5 0.14642857142857144 0.7269841269841271 0.07500000000000004 0.044444444444444425
1 0.16607142857142856 0.807936507936508 0.08571428571428569 0.06666666666666657
1 0.13392857142857142 0.6952380952380952 0.09285714285714285 0.06984126984126987
3 0.11875 0.5253968253968254 0.06607142857142856 0.08571428571428569
3 0.0982142857142857 0.4238095238095238 0.08928571428571427 0.14285714285714285
5 0.14642857142857144 0.48253968253968255 0.07142857142857141 0.05079365079365075
