3 0.2944638736176964 0.4101830333262147 0.028694020187583505 0.08569947362691614
3 0.3268130616905275 0.38403369104211516 0.040595399188092005 0.07216959855660804
3 0.1822702546842448 0.38365700577502637 0.04304103028137529 0.059173446075727866
3 0.22588516536937178 0.31530147323927177 0.051075355933898656 0.044890200471241745
9 0.2739810187389809 0.5678566127310201 0.09547935217418427 0.22677407023059587
7 0.372515710182739 0.687354326385466 0.0939516825393973 0.07740192816253881
9 0.4851813457482764 0.6350740766616461 0.14054560640039918 0.17653071335315856
9 0.16941812848205978 0.9474515110509697 0.0979702217814403 0.10509697789806055
1 0.6046061416124554 0.9365208143923164 0.0690228874425759 0.09283293080719247
1 0.4511447828452212 0.9143001651590518 0.034303123015599866 0.13974319029964022
1 0.44649233653113257 0.7746804210270397 0.06388436654563606 0.0555516230831617
5 0.5433604792823957 0.8092458753898959 0.06874513356541258 0.04073785692765213
5 0.5839826036619578 0.7685080184622441 0.03333097384989706 0.10493084360152764
9 0.7686062246278754 0.8997143286723801 0.05683355886332876 0.08660351826792975
9 0.9717098995969203 0.8916623362679187 0.05142083897158315 0.08179221169748914
