6 0.4346103038309115 0.8348745046235141 0.17437252311756934 0.29355643622486427
1 0.3025099075297226 0.8982826948480845 0.08454425363276094 0.11507412300014679
9 0.3289299867899604 0.5166593277557611 0.17437252311756934 0.2489358579186848
3 0.5130804582782487 0.43609848505323684 0.08322324966974896 0.07280199618376627
3 0.5794684626413641 0.43950561591675275 0.039986694428645504 0.029183271723361562
5 0.41263205236382333 0.366077268715856 0.04444836770173538 0.03621718849771028
3 0.4566174162353323 0.3298600802181457 0.039818329399471185 0.03621718849771028
3 0.4871756690302753 0.32204045997432196 0.017594145548603564 0.046917721462942874
3 0.5297720214111051 0.2998162761234543 0.04352236004128251 0.035394070577307805
5 0.41980861173233275 0.3096936911682843 0.030095248964716603 0.0551489006669679
1 0.4531448875086342 0.26030661594413396 0.02453920300199968 0.055148900666967864
