5 0.6730515191545575 0.7726405401438428 0.043593130779392336 0.05636283575517396
5 0.6849405548216643 0.6387788052253046 0.07001321003963014 0.032878320857184846
9 0.8936591809775429 0.12916483193894024 0.09379128137384499 0.1315132834287391
9 0.9504623513870541 0.2336709232349919 0.09114927344782033 0.07280199618376634
2 0.6935270805812419 0.3722295611331279 0.05019815059445179 0.03992367532658158
1 0.5184000564529289 0.7785388252322519 0.04015341544868832 0.04646286074272964
3 0.5430427699137165 0.47215120245130526 0.046486963351739734 0.055657860883715674
3 0.5843118088076078 0.5106619445779167 0.025931503366276587 0.042727246739014006
3 0.5672349651273769 0.4246452504849016 0.03984596858720572 0.03822964181911786
2 0.5240684991579043 0.4325160590947199 0.02941011967150885 0.020239222139532914
