3 0.3758256274768824 0.8524878907970057 0.07265521796565387 0.15499779832672828
3 0.26354029062087186 0.9133274622046088 0.04623513870541611 0.17334507559078233
1 0.20277410832232498 0.8994569205929841 0.04095112285336857 0.1456039923675327
3 0.1334214002642008 0.9462057830617937 0.047556142668427996 0.10758843387641263
3 0.5369881109643329 0.7256715103478644 0.01981505944517835 0.15499779832672828
1 0.5686922060766183 0.7021869954498752 0.038309114927344796 0.05636283575517396
3 0.6169088507265522 0.6763540290620873 0.08190224570673706 0.08454425363276087
3 0.6908659401953802 0.7322502791007537 0.05151917699542096 0.10725629830625664
5 0.737978871789877 0.759365635414133 0.035927847115227965 0.031333300628794095
5 0.7511976079926492 0.7997373881473869 0.04067303447006921 0.027717919787010034
2 0.7589932729327461 0.5376222771180521 0.027793240221213864 0.06507685515211073
5 0.7732288349972702 0.579801720272198 0.029149008036882976 0.038564062312361924
1 0.7003563149050629 0.5599171256423864 0.036605731023062305 0.05905122041580427
