9 0.2741071428571428 0.6095238095238095 0.13749999999999998 0.2476190476190477
6 0.4946428571428571 0.7238095238095238 0.16071428571428562 0.2031746031746031
3 0.2950667650184608 0.46374591486118955 0.023793859764085337 0.08368082081282086
3 0.32661898841371334 0.482362636953452 0.040863367855711256 0.04138062567666965
7 0.22290929899476816 0.379145524588887 0.05224303991679544 0.0340240700008173
3 0.18514947806480708 0.44903280350948466 0.05327755555871217 0.05977201486630058
7 0.36961923304245936 0.7494424767152037 0.09445100354191265 0.09707464252918797
1 0.4500501657461193 0.842581660763479 0.05165289256198356 0.06821461366915926
5 0.5415495754273472 0.8766889675980585 0.051652892561983424 0.04722550177095641
5 0.5895129756634746 0.8412698412698413 0.029515938606847668 0.08658008658008669
9 0.45357142857142846 0.9587301587301588 0.03214285714285722 0.08253968253968252
0 0.6728222946782878 0.4102209355219465 0.04241514131858636 0.20598355892386683
