9 0.2717483108108108 0.8268581081081081 0.19573479729729729 0.3462837837837837
9 0.08778461441813715 0.3939998883180702 0.06674740339513066 0.18287916015188738
3 0.17053125230029373 0.4122049649742467 0.026009518786472813 0.05470546674337939
1 0.2049663898485817 0.41253059275248105 0.022346206281335768 0.031911522266971346
3 0.22767892738043125 0.43206825944654526 0.016484906273116523 0.08922201123622614
3 0.2743861618209282 0.42262505387774757 0.02197987503082203 0.07554564455038118
7 0.4088297307594567 0.43174263166831084 0.024910525034931724 0.09117577790563246
1 0.4394183901773508 0.4398833261241708 0.017950231275171334 0.05144918896103547
3 0.48356130586425183 0.4506290428059061 0.03370247504726045 0.07684815566331878
3 0.5411617891934885 0.5133667624687783 0.04100928349101551 0.10030607744260286
5 0.5781802363716197 0.5525105975683305 0.01926610633806092 0.05333347532314015
5 0.654831816588048 0.41599647265864165 0.037156062223403265 0.02201840724349822
2 0.6474006041433672 0.3929994695376546 0.04321112421536526 0.022018407243498146
1 0.6011619489320209 0.3905529798439326 0.0333028409557911 0.04256892067076322
