1 0.4774077427741946 0.43961863802720663 0.0351026744936685 0.07514041887080054
3 0.47346764665755825 0.5981776575088112 0.0802346845569565 0.07131971960618351
5 0.5888050057081834 0.7057940201288563 0.03581905560578427 0.08278181740003461
5 0.7637574390386119 0.573151147018716 0.06797815934467877 0.05607136985262144
1 0.8259712665288882 0.20222975206610314 0.030786626305797853 0.043153903539750973
3 0.8002170695230766 0.25538273081628415 0.08229502031742143 0.0421013693070741
3 0.8723934068247229 0.24763225183158183 0.024166421909504833 0.09606767069434177
3 0.7800873523231318 0.33221772980169456 0.02782637377639432 0.0652571224259649
3 0.8212348624818424 0.22643803941767074 0.03433892934108229 0.030523492747628788
3 0.884292387000269 0.20258477037133585 0.03188807560653075 0.04731598970137903
