9 0.08272506082725065 0.859015950256826 0.1654501216545013 0.28196809948634755
9 0.26277372262773724 1.3231954582319547 0.23844282238442824 0.21546363882130323
2 0.3870343170497137 0.3666563461271491 0.16435713199513363 0.2009938770887676
2 0.7810388513513513 0.6503378378378379 0.07791385135135144 0.10135135135135137
9 0.15107685810810817 0.32263513513513503 0.15582770270270282 0.27702702702702686
7 0.2608213682432431 0.45608108108108125 0.11497043918918895 0.07432432432432422
5 0.4446790540540541 0.530405405405405 0.05701013513513491 0.06756756756756732
5 0.48791173986486475 0.48057432432432434 0.02755489864864856 0.0929054054054054
1 0.521167652027027 0.6275337837837838 0.0655616554054054 0.10979729729729733
1 0.473659206081081 0.8344594594594593 0.05986064189189186 0.125
7 0.06366131756756753 0.10219594594594597 0.058910472972972985 0.05236486486486489
3 0.01710304054054054 0.1993243243243243 0.02660472972972973 0.07094594594594593
9 0.03990709459459457 0.15878378378378374 0.04560810810810807 0.0304054054054054
9 0.34776182432432423 0.811655405405406 0.10071790540540553 0.21452702702702797
9 0.5591744087837838 0.8758445945945945 0.07316300675675663 0.10979729729729726
9 0.7401815878378377 0.9763513513513513 0.08931587837837839 0.047297297297297265
3 0.19050886824324323 0.15456081081081066 0.029455236486486503 0.08614864864864857
3 0.15250211148648649 0.16554054054054052 0.031355574324324315 0.09459459459459457
