1 0.4132884499347325 0.5294859254184161 0.04435152307565396 0.08081833093785833
5 0.5480062012770314 0.7808112228471213 0.06320092038280692 0.07884715213449596
5 0.7170963830029621 0.6191745609714049 0.06652728461348105 0.06702007931432157
7 0.4448889101261361 0.6930937660974947 0.03659000653741458 0.10447247657820696
7 0.7215315353105274 0.27717503858802917 0.08870304615130778 0.03351003965716071
1 0.7514688133865937 0.22789556850396916 0.026610913845392475 0.06899125811768386
3 0.7176507770414077 0.3747483893544677 0.0232845496147182 0.07096243692104622
3 0.8041082804677819 0.2711566844920006 0.02628704246110445 0.09569039795365014
2 0.9471374336244949 0.3827884180442739 0.05783147049394742 0.06587059612595532
5 0.9086848757169876 0.1034844984052451 0.026850347922161292 0.034544307268277535
7 0.9507268678582662 0.11227759480080668 0.035329405160738216 0.08730288564164686
