3 0.5241071428571429 0.6301587301587301 0.05892857142857146 0.18730158730158727
7 0.2964285714285715 0.43174603174603177 0.09642857142857142 0.10158730158730159
7 0.42410714285714285 0.4904761904761905 0.04107142857142847 0.14285714285714285
7 0.10178571428571427 0.3825396825396825 0.039285714285714285 0.1492063492063492
7 0.03125 0.4142857142857143 0.055357142857142855 0.1174603174603174
2 0.7116071428571428 0.4158730158730159 0.06964285714285708 0.08253968253968252
5 0.7125 0.4603174603174603 0.06785714285714278 0.05714285714285708
1 0.6455357142857143 0.40634920634920635 0.0625 0.10793650793650791
1 0.35 0.44126984126984126 0.05 0.057142857142857155
5 0.4464285714285714 0.6730158730158731 0.057142857142857155 0.07619047619047628
5 0.55 0.6857142857142857 0.02142857142857146 0.038095238095238244
