7 0.46182564685637345 0.6774159235480081 0.022507705182242644 0.13743835434953952
1 0.4936300128747597 0.6434912664617292 0.04207962273201872 0.04697260211946272
3 0.5401133170554783 0.6130460613842996 0.05969434852681736 0.059150684150434854
3 0.6055735858703574 0.6215568603364291 0.05067567567567565 0.09009009009009006
5 0.6066578367247173 0.6878542795745556 0.02348630105973136 0.040013698101765
5 0.6592673505589546 0.6533306255655372 0.03180436601838636 0.02783561607079285
5 0.6458116572434836 0.6246251464925321 0.03620804746708593 0.034794520088491085
5 0.6622102075834745 0.4435118279718315 0.02172280992991347 0.037430072494620104
2 0.6446648611016214 0.42123202291551 0.02940934267434436 0.048718507056489745
9 0.6042270149243979 0.4396499950954025 0.015373065488861854 0.034459431820443955
3 0.29757650126989116 0.9001563548911571 0.09060196560196551 0.11739011739011758
