6 0.6650258085946855 0.4320157875823739 0.2423414962128484 0.2753880638782373
5 0.4997929702677435 0.5917408646317508 0.049569851498082684 0.0881241804410358
5 0.5545263479635432 0.6462065039321131 0.08330488932316654 0.05262971887450746
1 0.5210277981209983 0.4106709988820233 0.06196231437260319 0.05018182497336779
7 0.5455762358875005 0.3090091190500946 0.028227276547519366 0.09546786214445543
3 0.8348214285714286 0.10476190476190476 0.10535714285714291 0.07619047619047618
3 0.8839285714285714 0.1238095238095238 0.08571428571428569 0.038095238095238085
9 0.6003571101597376 0.12380952380952377 0.16499993460518997 0.2412698412698412
9 0.1892857142857144 0.15714285714285714 0.20000000000000004 0.23174603174603178
8 0.20963956299228692 0.5344741455971824 0.1392857142857142 0.12380952380952392
1 0.39910714285714277 0.7460317460317459 0.10178571428571438 0.11428571428571416
9 0.2125 0.6984126984126984 0.0928571428571428 0.1015873015873018
9 0.19910714285714284 0.8507936507936508 0.15535714285714283 0.1015873015873015
9 0.3803571428571429 0.4857142857142857 0.10714285714285715 0.05714285714285708
