9 0.1928665785997358 0.7515044767356523 0.16116248348745046 0.26772346983707623
3 0.3474240422721268 0.7350653163070601 0.060766182298546884 0.10802876853075005
1 0.4068692206076618 0.7198003816233671 0.03170409511228534 0.11977102597974465
3 0.44980184940554824 0.7468075737560546 0.022457067371202087 0.15499779832672814
3 0.5303830911492734 0.7045354469396742 0.040951122853368604 0.1737854102451197
3 0.6704095112285335 0.6763540290620873 0.03566710700132106 0.1174225744899458
1 0.7093791281373845 0.6751798033171877 0.03963011889035656 0.0540143842653751
3 0.7562747688243064 0.6634375458681931 0.059445178335535045 0.11507412300014692
3 0.8348745046235139 0.7385879935417583 0.06869220607661816 0.1432555408777337
5 0.8910171730515191 0.7796858946132394 0.03566710700132106 0.03757522383678278
5 0.8982826948480844 0.8243064729194188 0.03434610303830908 0.03757522383678264
5 0.9498018494055483 0.6258623220314106 0.055482166446499406 0.06810509320416848
2 0.9220607661822986 0.5777190664905327 0.07661822985468944 0.02818141787758698
1 0.857992073976222 0.5636283575517393 0.0435931307793922 0.05636283575517396
