8 0.48217621109622044 0.6253622260224112 0.046428571428571395 0.2349206349206355
8 0.8086023149635289 0.37836217927497673 0.18571428571428558 0.1523809523809522
9 0.8535714285714286 0.4492063492063492 0.1107142857142857 0.11746031746031749
1 0.6008267182717697 0.5754301615687428 0.07561934684398999 0.10841483418493184
9 0.684983733307823 0.5645886781502495 0.09269468322811669 0.09540505408274015
1 0.7032787365765298 0.45834214064901646 0.08781601568979497 0.0997416474501373
9 0.7807275837473909 0.5266434861855234 0.06220301111360456 0.1539490645426033
0 0.9095958009590476 0.14378195855172335 0.15811682366705546 0.09292928412191134
6 0.5473222448891493 0.6616106551032342 0.08747013378932475 0.07404879050948156
6 0.561330283380607 0.43548325026363827 0.06331171588560665 0.10366830671327393
6 0.6183941325669763 0.3429222621267865 0.07580744928408166 0.06960586307891252
6 0.7029485952299903 0.40364227034456124 0.07664049817731325 0.05775805659739547
6 0.6567143816556328 0.619864738632247 0.08747013378932493 0.09922537928270515
