9 0.9188092016238159 0.03849045256352428 0.10284167794316644 0.07698090512704855
3 0.6694732416170889 0.4327673120290186 0.021233574938811728 0.06325437339129522
3 0.7440776941048063 0.33788575194207565 0.02008581413130855 0.08773993728469985
3 0.6823855507015018 0.34094644742875135 0.08493429975524734 0.028566491208972096
3 0.7296556292718761 0.26990690467341005 0.040595399188092074 0.07216959855660804
2 0.7007497236215551 0.2838134650108071 0.030989541802590424 0.030606954866755735
3 0.6990280824103001 0.30880914481865773 0.040171628262616964 0.0295867230378639
2 0.8937921094187246 0.42746779412057817 0.058051446121903896 0.05295921400594743
5 0.6833556172268226 0.6705370071222347 0.06645362911323219 0.07197021390551846
1 0.3698882349800057 0.5945195730948608 0.06385659073409443 0.06572374250994507
3 0.40013609374878734 0.7707787007351681 0.053773971144500624 0.08364839955811205
5 0.515834150975234 0.8500953058940683 0.046548088643672825 0.10784668201466119
