1 0.5651785714285714 0.5523809523809524 0.09107142857142861 0.17777777777777778
1 0.557142857142857 0.2619047619047619 0.13571428571428576 0.14285714285714282
1 0.8883928571428572 0.5206349206349207 0.06964285714285737 0.17777777777777778
8 0.75625 0.1920634920634921 0.19107142857142861 0.13650793650793655
9 0.7928571428571429 0.2555555555555556 0.11428571428571416 0.10476190476190478
9 0.4098214285714286 0.5317460317460317 0.14464285714285716 0.11111111111111122
1 0.500892857142857 0.6603174603174602 0.05892857142857146 0.11428571428571431
1 0.04910714285714286 0.8825396825396825 0.09464285714285715 0.23492063492063495
9 0.7008928571428572 0.6365079365079365 0.08392857142857153 0.15555555555555556
9 0.8294642857142857 0.46507936507936504 0.058928571428571386 0.14285714285714285
9 0.5553571428571428 0.3825396825396825 0.09642857142857146 0.08571428571428569
