6 0.5803571428571429 0.5285714285714286 0.20000000000000007 0.29523809523809524
9 0.09464285714285714 0.3317460317460318 0.17142857142857143 0.2571428571428572
9 0.5169642857142857 0.19841269841269843 0.1446428571428572 0.28888888888888886
9 0.31339285714285714 0.6238095238095238 0.14107142857142863 0.06666666666666657
9 0.1455357142857143 0.892063492063492 0.11250000000000002 0.17142857142857137
8 0.13482142857142856 0.6587301587301587 0.18035714285714285 0.2
5 0.4294642857142857 0.7031746031746031 0.051785714285714234 0.13650793650793666
5 0.4928571428571428 0.7555555555555555 0.08571428571428569 0.06349206349206354
1 0.4303571428571428 0.557142857142857 0.075 0.13650793650793652
7 0.4580357142857142 0.39682539682539686 0.0625 0.15238095238095234
3 0.7241071428571427 0.1761904761904762 0.11607142857142862 0.07936507936507939
3 0.7607142857142857 0.19841269841269843 0.1 0.06666666666666668
3 0.6678571428571428 0.05714285714285714 0.07142857142857154 0.0634920634920635
5 0.6151785714285714 0.09682539682539684 0.03392857142857139 0.07301587301587302
1 0.3482142857142857 0.8555555555555556 0.17499999999999996 0.16190476190476175
