9 0.28362542229729726 0.4746621621621621 0.07506334459459456 0.13175675675675677
3 0.3617184720199035 0.5180995133895575 0.020367026700235796 0.03620804746708586
1 0.38557295352113163 0.5288311116758845 0.02284409751512931 0.024954194875964748
7 0.4070009409922079 0.5707490924489494 0.034586920398483344 0.02647126561254578
3 0.4566728532574895 0.5401179206330555 0.009908283259574163 0.06556592379175015
7 0.5888984509790383 0.6172972983117335 0.05069717630257456 0.032514942753293086
7 0.6658445871048256 0.6180954273538297 0.031108043864872457 0.07914077059875602
1 0.6138190654687459 0.5947345974782933 0.026817279193855584 0.03623312388858727
3 0.7303885208609807 0.7356919343613739 0.0308643246705967 0.11741892443682644
5 0.782767924390036 0.764458177798517 0.03432611736813513 0.05530318909310665
1 0.8090488580000147 0.5766180355339998 0.039689573206906206 0.04195414344994298
2 0.8723376368975134 0.6056998849708921 0.039689573206906206 0.037186627148812976
5 0.8750193648168988 0.6247699501754115 0.041834955542414745 0.029558601067005127
