9 0.3066504262753495 0.47821069802215477 0.07648903474218023 0.11847806481517033
3 0.37680474569778455 0.5247577578820133 0.02069031283833482 0.045978472974077464
1 0.4032610117087267 0.5400153552251977 0.025345633226960245 0.024828375406001964
7 0.42858339025270153 0.5513075665248324 0.014330937593689039 0.06168669881717607
7 0.475083731679875 0.5514252722069783 0.015517734628751256 0.07172641783956088
7 0.6113246406169965 0.6226773500599625 0.06285732558020736 0.03365854114067329
1 0.631103542997395 0.605069816400512 0.026506101148280406 0.03365854114067332
7 0.6841157452939555 0.6252649410849159 0.026506101148280406 0.09020489025700443
3 0.764012707326629 0.7329722727350707 0.04392439618857878 0.10905367329578185
5 0.8041505176368822 0.7814405719776406 0.030292687026605876 0.060585374053212175
1 0.8302779601973299 0.5909332291214292 0.03105000420227114 0.02961951620379253
2 0.8976486621702319 0.6173193572595165 0.049782343635585986 0.03140391569843416
5 0.9016633673021337 0.6370181771067162 0.048176461582825 0.0251231325587473
9 0.5223214285714286 0.9444444444444444 0.09107142857142854 0.11111111111111115
