1 0.7193256763020283 0.5519315578514616 0.028506766366016904 0.0329411522451749
2 0.7749138707157607 0.5522482996999729 0.03349545048006959 0.029773733760061986
5 0.7856039081030173 0.5750537127927864 0.03848413459412257 0.03230766854815236
7 0.552423431030861 0.7124280209578623 0.01810892333401206 0.13414017284453436
1 0.5789400687699503 0.7009302918569021 0.029750374048734263 0.03755924839646965
3 0.6365005750816317 0.6852167287522568 0.05691375904975246 0.09198183280768077
3 0.7026843782190332 0.7377230249799746 0.04872162706531853 0.09274834808107797
5 0.7544241591733535 0.7817976532003216 0.0366490115093103 0.08738274116729655
5 0.6899650154010959 0.8070926572224337 0.02069591238172805 0.03679273312307231
3 0.3872073348080521 0.8248013494311749 0.0671440072389455 0.13365036958483345
3 0.28918856009592264 0.9065343416994592 0.037531774902671164 0.18080992562773018
1 0.2227088195222637 0.8634545721241083 0.03321441751752967 0.12028266426101424
3 0.15960142248479595 0.9183472028407382 0.06200023852439953 0.13384179428546275
