1 0.5663518845004439 0.4529953202234989 0.04574935727260183 0.03827397209734016
2 0.6271716182863734 0.49318299092570606 0.07158428843830635 0.034446574887606045
5 0.6228657964254226 0.5381549081400807 0.07804302122973261 0.051669862331409175
7 0.24729870836584514 0.431441422427756 0.08274201844936144 0.08405538382157353
1 0.290639765648844 0.46226172982899977 0.03073274970976282 0.05043323029294414
3 0.3540753131266877 0.49798526795316844 0.040976999613017144 0.11627661428651002
3 0.4344532739060674 0.665395574064469 0.02836869203978111 0.16811076764314714
5 0.3611674861366329 0.6990177275930983 0.059889460972871185 0.04202769191078673
5 0.4592758794408756 0.7361421887809599 0.03073274970976293 0.04903230722925115
1 0.01965671232875389 0.3266460566605274 0.03931342465750778 0.03350882725799138
3 0.027560473172483942 0.37337423446531903 0.055120946344967885 0.04984735096596047
3 0.07442082747500639 0.36054106652623585 0.051098732896673396 0.08299970043648308
