5 0.4979814368215074 0.6474471805760724 0.04036707994641347 0.025834931165704515
5 0.4915227040300813 0.683329029417329 0.03283189168974964 0.03827397209734016
1 0.3938343705597609 0.563722866613141 0.03121720849189302 0.06697945117034522
3 0.4218222126559409 0.6345297149932202 0.03444657488760612 0.06123835535574422
3 0.45653790140985634 0.5909930717324958 0.02422024796784797 0.052626711633842686
3 0.45626878754354694 0.5431506066108206 0.04628758500522068 0.02774862977057161
3 0.4426650493664799 0.4703897036369284 0.033272259834619504 0.060890410154859256
3 0.5884758351123125 0.5169273742552852 0.07437328668914965 0.11395205328980815
3 0.586518643357335 0.46473559412254856 0.023486301059731644 0.06523972516592075
9 0.901736049083062 0.6825204351870607 0.154136555273123 0.259310860158374
