6 0.10392853873116628 0.7920634920634921 0.18642850603376115 0.4158730158730159
9 0.14017857142857143 0.6777777777777777 0.24464285714285716 0.2888888888888888
9 0.15089285714285713 0.08730158730158731 0.12678571428571428 0.16825396825396827
3 0.24070293360358824 0.12536158094133917 0.022759344122168273 0.05425459810941133
1 0.26992800048773596 0.13087899769822842 0.03569078964612793 0.054254598109411314
7 0.2806149582842341 0.20197206581102928 0.06258819633596277 0.053335028649929964
7 0.35806154645096877 0.15483772264982026 0.022242217413750744 0.10405432285863685
7 0.5323911324526481 0.27783359571215577 0.08663708489609298 0.06368195983815399
1 0.5722966018979697 0.26685654892089483 0.023325369010486766 0.07701074212986078
7 0.6443553311625086 0.29203313769411865 0.030822809049571517 0.12144001643554962
3 0.7468203450300038 0.4712312107270637 0.040819395768351543 0.1629073391208592
5 0.6639319801534529 0.48307901720858076 0.04165244466158327 0.035543419444551035
5 0.7768101051863436 0.5297297552295539 0.020826222330791636 0.06368195983815397
1 0.8919642857142857 0.24444444444444444 0.05535714285714278 0.05714285714285712
2 0.9714285714285714 0.2971428522987971 0.057142857142857224 0.06095237126426088
5 0.96875 0.32698412698412693 0.0625 0.05079365079365083
